0.285
0.947
1.532
0.024
0.703
2.779
0.826
1.977
0.107
0.598
1.239
0.416
3.014
0.741
0.398
1.845
0.013
2.536
0.302
0.661
1.006
0.077
1.997
0.891
0.579
2.268
1.832
0.193
0.423
1.699
0.025
0.907
2.411
1.143
0.308
0.846
0.684
1.056
0.619
2.903
0.161
1.731
0.524
2.778
0.859
1.018
0.203
0.444
2.095
0.731
1.636
0.991
3.021
0.362
0.624
2.436
0.189
1.109
0.738
0.421
1.901
0.094
0.503
2.787
0.225
1.204
0.841
3.015
0.543
0.937
2.602
0.124
1.338
0.976
0.571
2.334
0.666
0.278
1.954
0.037
1.647
0.873
0.713
3.059
0.261
1.787
0.635
2.513
0.448
1.003
0.789
0.182
2.887
0.911
0.312
1.679
0.673
1.242
0.526
2.992
